M 20 15 55 36 10 61 9 6 76
I 73 76 30 62 94
F 8 91 60 96 84 29
X 49 15 33 65
N 5 38 97 10 45 34
T 36 60 68 0 5 95 75
C 9 74 2 14 79 19
C 50 86 8 53 63 21 25 86
R 10 76 0 23
R 17 24 4 40 33 36 7 99
M 78 39 82
M 29 58 69 59 3 47
K 0 79 52 88 6 84
B 51 85 34 21 24
C 28 60 97 62 50 18 56 84
H 11 2 62 10 67 11 21
W 5 32 53 96
A 56 2 82 64 13 86 43
F 32 81 95 45 64 89 69 47 28
D 4 61 98
C 63 52 5 36
V 71 25 82
Y 21 18 78 29 64 47 78 26 54
T 60 17 100 90 22
W 57 7 79
G 0 14 70 42
G 30 54 11
E 58 24 80 95 84 81 76 92 38
J 51 15 31 45 77 75 8
Z 76 12 24 88
K 82 26 42 37 84 65 28 36 69
K 78 47 70 27 55 9 40 41
A 5 50 95
K 20 27 85
Y 83 18 42 53 74 68
U 18 42 2
O 74 75 19 72 50
M 60 41 82 15 40 42 60 92 16
I 100 94 73 92 24
U 38 54 85 42 41 20 46 53
O 88 89 72 29
S 21 29 19 97 54 60 81
O 7 81 0 1 37 55 85
V 37 98 13 35 95 93 9 55
P 45 20 54 82 42
M 64 80 46
W 31 1 24 49 4 24 17
R 86 2 87 41
B 92 91 39 65
Z 18 21 34 51 88 43 15 72
F 58 78 32
Y 78 70 0
T 10 69 42 31 54 27 90
I 42 60 27 39 39 87 38 61 7
U 41 42 16 7 62
X 91 37 89 40
L 15 27 15 97 29 76
U 99 35 36 56 84 63
M 20 9 8 26 58 55 22
L 94 91 48 49 16 59
G 39 2 24 41 79
E 21 93 10 41 24 34
R 84 64 71 41 6 76 44 54 24
H 81 63 86 82
Z 81 39 69 58 34 68
Q 24 11 11 46
T 62 52 42
B 15 60 63 87
K 31 40 95 72 10 89 53
I 62 34 6 20 51
W 40 0 7 63
K 74 100 68 76 21
Q 9 6 99 13
C 37 100 68 0 85 91 97 21
V 45 93 82 89 59 75 100
Z 70 6 2 93 32 31 43
K 69 99 43 4 75 2
I 1 72 94 34 99 47 96
J 16 8 87
E 46 29 18 16
K 98 100 51 16 97
D 5 62 74 78 30 94
L 88 97 72
B 35 72 45 72 94 32 58 15
Q 100 61 54 43 46 53 100
B 44 60 82 30 74 45 56
B 86 62 82 52 84 35 5
H 69 4 33 88 14 98
A 98 56 68
I 3 95 61 96 93 100 52
C 8 70 85
Z 90 4 58 51 27 81 28 2 53
W 57 75 87 21 80 20
J 44 13 47 22 31 84 12 59
N 16 62 24
T 42 78 98 22
G 54 36 31 71 86 92 70
T 21 86 99 57 21 54
U 74 69 75 75
E 91 63 47
H 37 17 2 72
D 27 29 77 23
U 99 67 35 54 82 15 3 20
Q 72 75 14
M 39 70 43 43 50 31 24 78 9
H 29 11 65 29 81
U 42 4 2 74 6 80 38 27
J 58 15 75 34
Q 14 10 73 48 33 41 86 99 79
F 9 52 42
U 100 27 46
X 5 100 25 34 62
Z 15 85 4 22 96
E 27 37 63 94
U 84 48 8 94 66
C 10 18 99 2 74 0 95
Y 37 58 15 24 86
F 69 41 11 97
L 18 24 77 77 75 67 36
B 5 51 55 79 48 5 40
K 3 72 76 42 0 62
E 34 11 4 3 45
Y 23 17 6 26
N 97 56 55 57
V 61 92 16
Y 43 98 84
K 16 6 85 28 53 14 80 79
F 55 68 31 65 91 75 99 78 98
V 4 92 39
Z 9 7 10 19 62 100 23 89 56
T 24 79 55 58 15 85 38 98
N 73 83 10 39 64 0 63 57
D 74 52 91 26 67 76 43 12
P 99 72 89
E 55 40 46 2 52 90
Y 63 94 10 89
O 76 88 74
G 12 80 52 97 38
M 63 78 76 52 65
U 50 63 73 5 66 97 33 2 46
L 26 13 11
K 34 34 97 5 45
S 50 66 47 51 14 58
C 35 10 94 73 21 73
O 17 65 31 3 84 95
A 20 45 70 9 18
D 54 4 72 44 28 70 85
O 24 35 95 8 42 12 1 27
F 0 100 3 7 35 86 0
S 18 28 20 75 85 23 100
X 65 17 73 99 3 95 58
D 31 98 21 38 72 49 19 85 39
N 57 84 73 61 3 14
E 56 90 97 2
H 74 84 51 71
P 98 48 55
F 86 22 55 33 98
O 77 86 12
W 47 70 67 40 99 85 71 46 2
K 24 84 28 29
M 5 5 58 31 16
S 57 53 34 87 84 46 28 99 32
S 57 34 6 81 97 71 50 83
M 34 80 94 26 75 48 44 49
A 55 49 59 96 76 33 85 71 36
E 44 72 97 82 42 6 22
B 78 92 25 88 34 83 58 2 29
O 97 63 21 36 70
M 86 13 14 95 97 83 42 25
S 5 77 18 71 35
M 62 91 34 75 51
U 40 25 89 84 97 88 99 65 57
M 26 85 3
Y 66 60 64 76 29 57 38 30 48
Q 24 70 70 18 91 96 56 82 48
H 50 73 100 0 72 77 17 99 86
S 31 7 8 37 93 87 67 65
E 56 49 89 20
H 2 14 38
L 58 44 30 68 11 5
L 61 63 83
N 34 29 67
W 3 50 68 7
D 73 63 49 71 88 36 61 32
O 12 92 48 65
W 14 9 33 35 17 65 97 44
C 43 5 14 30 45 45 80 84
G 89 12 40 1 49 38 40 93 65
C 30 86 93 50
K 66 26 29 3 20 86 18
N 47 49 29 75 79 67 76 25 10
Y 6 2 60
O 86 21 22 10 89 60
I 91 9 94
F 80 63 53 62 79 76 88 80 89
G 12 50 62 76 65 82 99 69
F 34 79 1 88 48
W 15 34 68 35 96
E 48 89 12 92 98 46
O 45 93 94 14
H 57 40 26 11 10 8 65 7 41
J 44 86 61 6 65 13
H 86 11 50 35 98
S 40 86 28 1
A 1 17 19 62 57 80 45 52 61
T 46 28 77 15 74
O 26 40 4 92 7 64
S 80 53 64 59
M 17 75 9 83 12 48 36 34 72
K 60 27 33 75 77 78 46 3 4
E 9 92 82 45 69
L 56 14 58 25 100 100
K 27 22 38 87 92
N 22 58 88 13 85 96 53 74 4
L 59 6 43
U 14 57 9 82 84 70
K 73 17 7
D 17 50 15 81 76 6 82 72
J 87 82 33
K 77 13 66 63
A 40 86 74 100 81 96
X 6 90 76
E 3 56 75 21 6
U 14 7 69
Z 38 10 31 56 63 84 72
J 2 98 77
J 40 83 19 54
X 2 55 2
X 55 38 48 62 60 94 34 30 45
W 78 63 59 20 62
X 41 73 15
N 50 76 35 32
D 74 74 48 86
P 7 75 29
J 73 66 79 39
T 50 97 74
H 38 67 68 8 85 72 77 68 67
A 31 9 26
G 50 39 34 94 85 29 45
W 48 45 27 100 50 74
Y 35 88 74 71 37 17 50 81 64
B 46 32 19
T 86 29 6 9 34 19 65 26 8
F 92 85 15 83 48 54
L 68 33 46 63 52
W 41 76 43 11
N 95 49 33 96 77 89 47 47
D 10 84 58 63 84 80 28
Q 37 85 55
Z 39 4 2 81 97 67 38 83
K 3 88 39 41 62 45 38
K 43 60 22 8 39 10 8
O 80 43 88 19 69 64 59
O 73 92 44 14 75 50 74 73 24
D 38 7 83 7
D 73 29 91
A 72 95 64 30 7 52 58
K 67 38 92 39 96
P 23 77 66 57 10 61 8 43 26
C 54 99 66 49 20 20 51 14 8
J 91 89 4 22 93 72
W 55 18 86 82
T 18 94 9 60 74 52 57 27
C 21 17 13 73 33
Y 48 22 82 59 11 71 99 58 42
V 20 3 84 69 57 10
S 30 83 54 95 53 12 57
D 9 11 63 18 14
J 91 60 23 94 77 10
B 94 58 89
X 0 75 93 66 30 99 5 25
D 35 3 44 84 100 7 12
B 55 60 93 11
J 51 73 89 31 49 41 91 58 75
N 3 61 81 17 92 10 42 34 37
B 40 88 5
L 53 37 63 88 100 13
R 42 86 81 89 51 38 86
D 82 28 78 80 86 98 12 50 65
K 13 92 4
N 4 43 67
L 73 64 62 4 100 10 14 54 96
H 53 64 9 71 23 27 51
K 18 36 58 33 15 58
K 54 81 36 44
H 61 49 76 84
K 24 85 3 85
H 32 61 12 88 77
L 4 33 48 51
U 42 87 68 27 13 7 25 97
Z 46 46 36 91 97 38 98 72 33
A 85 75 55 44 78 79
V 17 90 61 100 72 44 31 92 37
N 67 100 15 49 50 37 23 53
I 66 19 57
P 95 57 14 17 5 88 89 87 16
U 30 22 80 21 74 54 30
Z 65 3 78 30 62 36 15 49
D 68 75 73 35 75
I 36 28 82 74
D 60 60 30
B 85 25 6
Z 27 6 25 11 94
I 55 28 86 74
Y 46 90 88 40 27 74
X 52 43 38 72 70 53 55 53
P 62 66 54 49
G 16 47 50 92 18 22 31 87
F 30 25 84 89 98 33 69 98 43
T 96 64 16 13 84 59 18 30
R 24 18 72
Z 72 64 57 97
V 4 36 2 40 73
Z 93 17 46 27 29 76 58 41 53
O 38 97 71 7
F 37 31 52 87
H 94 36 95 76
X 84 44 1 36
R 71 24 43 87 37 48
W 79 75 96 33 8 99
E 6 84 47 19 32 19 43
S 4 66 33 33
X 75 27 99 90
T 91 24 69 14 22
W 48 26 63 17 10 13 57
V 81 60 26
N 5 26 40 44 94
C 25 71 50 91 81 39
R 13 54 54
A 28 7 27 9 36 23 98
D 70 93 58 51 19 33
L 75 56 67 27
U 42 43 44
F 43 13 79 85 34 15 19 65
M 75 60 0 17
Q 20 57 31 69
U 15 42 44
V 97 88 67 78
U 99 55 36 70 91
K 18 51 89 3 30
T 45 86 15 44 90 95
P 8 35 73 97 99 52 94
W 22 37 65
R 36 100 79
T 39 33 69
A 39 25 61 58 22 36 75
Z 35 68 65 21 96 83 31
M 5 46 38 98 93
H 41 98 64 21 69
G 2 2 27
E 26 59 50 10 74 75
O 2 93 5 0 79 63
W 67 78 76
T 27 20 68 46
I 86 26 81 76 58 59 2
J 69 78 22 13
C 5 69 3 35 23 68 64 76 73
Y 79 81 48 3 68 54 37 5
U 56 15 71 76
T 35 0 68 50
F 45 68 37 59
V 84 96 51 2 30 14 52
D 27 64 22 18 49 54
M 45 66 66
I 66 87 44 62 82 19 93
G 4 60 6 85 79 44
F 22 100 1 44 21
H 1 82 7 73
G 95 98 70 35 84 45 26 62 63
E 58 54 50 36
A 4 78 67 74 48 72 11 99 98
K 24 45 50 46 92 17 91
N 57 96 30 35 36 91
T 63 18 99 70 65 39 19 76 52
A 29 0 15 19 56 31 78 2
J 74 26 14 74
B 78 4 56 82 12 28 87 95
Z 87 47 67 64 69 6 65 67 4
S 18 64 68
B 86 29 69
D 84 70 53
D 80 11 56
C 7 15 4 44 74 55 66 30 38
R 7 32 23
R 30 74 75
C 32 29 85 97 74 76 24
T 87 88 21 96 14 97 17 38 81
B 43 13 64 65
L 49 19 51 53 30 36
L 13 63 54 99 49 87 31 48
V 56 79 18 4 2
E 33 59 4 76 55 44 41 52 12
F 52 89 10 54
K 86 2 26 52 80 48 42 14
W 52 3 61 39 52 21 29 56
S 36 71 31 51 25 99 46 47 52
P 98 35 65 18 51
B 92 58 71 34
Q 30 39 9 50 84 38 63 89 72
A 99 15 0 95
C 12 41 69
B 47 61 88 96 96 19
R 82 74 30 9 35
X 7 54 86 54 70 17
V 82 23 38 36 72 14 78 30 89
D 0 41 0
Z 31 27 37 3 80 46 1 30
R 97 91 78 66 3
Z 85 28 12 56 100 54 0 36 87
H 100 99 76 34 83 6 1 2 64
Y 23 66 10 47 72 0 87
J 60 75 32 23 99 5
Y 17 88 54 52 28 89
O 54 46 9 68 51 29
A 31 29 92 41 0 90
D 84 79 36 12 42 64 71 21
Z 22 90 70
O 43 79 96 71 22 52 80
P 21 28 22 17
B 85 78 83 39
L 73 0 37 35 17 9
V 56 80 16 27 79
N 85 62 78 86 7 26 35
Z 9 31 55 37 4 38 15 54 58
U 61 9 53 100 27 43 62
L 45 83 1 31 46 79 47
X 22 61 88 70 53 41
Q 0 7 16 6 65
L 43 76 80 73 58 46 30 56 17
I 38 15 6 43 89 49 10 28 47
N 82 54 91 31 6 40
G 12 1 91 51 45 0 51
Y 35 57 59 30 44
R 31 70 6
M 70 55 10 77
M 17 40 7 49
V 93 42 31
X 28 79 20 100 99
H 69 35 69 19 25 4 41 57 24
U 78 37 84
L 24 83 30
D 79 70 36 69 1 51 32
M 30 83 27 59 45 85
M 15 74 22 17 66 80 18 11
C 86 37 71 85 2 93 83 29 10
P 90 43 34 36 87
R 35 44 92 70 16 54 24 99
C 12 7 95 59 55 87 32 5 30
M 54 26 69 82
V 62 83 86 93 14 61 17 38
Q 16 30 3 73 13 18 29 42
V 79 8 13 55 0
F 21 73 18 87 55 52 43 51
B 11 74 66 5
Y 78 89 58 31
G 76 33 27 56 93 67 90 39
O 14 22 80 57 97 30 91
K 62 18 28 93 47 6 37
J 2 45 12 92 45 16 61 39
X 2 41 60 86
H 26 8 16 50
D 16 3 6 6
D 46 19 30 69 6 66 32
H 34 65 20
M 46 17 25 44
U 63 37 14 43
S 24 83 82 13 54 41
P 85 57 59
S 59 18 63 7
T 2 3 27 67
K 0 51 92 74 69 44 47 4
P 5 80 24 79 47 64 7 76 74
K 94 44 33
L 57 70 99 20 34 14 49 59
M 18 25 28
O 89 31 1
C 92 80 30 67
K 47 91 0 70
Z 4 55 31
H 4 42 7 66 23 38 77 2 97
F 8 79 74 96 39 65 18
H 27 61 58 24 3 39 15 90
O 33 92 56 17 80 56 45
O 1 54 96 40 8 8
Y 96 34 49 49 68 25 56
E 79 93 59 85 15 30 26
U 72 89 47 77 11 93 59
S 76 15 84 15 94 50 4 100
S 20 8 28 10 69 47 92 64 74
Z 49 68 13 24
A 81 88 8 1 81 32
X 77 95 11 88 24 6
T 51 85 94 50 23 84 27
D 40 46 5
K 49 8 99 47 71 57 63
W 6 56 4 44 64 52 80
A 81 99 55 16 57 57 36 73
W 22 24 100 11 44 85 37
I 1 12 39
O 93 51 96 49 87
N 30 5 33
I 40 58 84
U 60 58 24 99 34 88 65 62 77
O 55 77 51 11 19 85 53 50
Z 43 58 92 56 94
D 0 56 65 35 66
C 1 95 46 5
G 12 58 29 10 61 36 48 17
O 1 33 89
L 71 73 87 4 71 75
L 95 66 37 20
H 73 92 56 44 26 19
S 13 38 53 14 11 60 22 61 91
R 36 79 65 20 55 6
R 28 44 60 60
R 47 52 8 0 80 39
K 69 78 36 68 48 21 100
Q 72 79 19 55 40 38 17 80 3
P 24 71 38 78
Q 16 100 83 92 35 0 53 67
E 43 12 95 12 6 84
B 98 50 66 41 78
C 40 94 84 49 76 30 61
V 13 23 88 84 92 44 37 33 67
T 85 94 39 12
Y 17 25 64 1 46 45 71 22 83
E 59 14 40 57 41 62 54 75 96
Z 45 63 68 86 68 73 99 32 15
H 11 13 25 84
O 91 90 42 0 99 77 45
N 73 63 73
H 18 22 47 24 61
Y 23 81 44 65 4
T 27 30 24 21 52
R 73 33 10
L 36 85 81
I 78 48 40 59 3 24 31 100 84
H 79 66 77 24 41
S 77 36 96 96 18 20
G 37 45 5 31 47 79 5 54 1
H 88 3 25 83 64 8 72 47
M 36 36 76 41 75 20 79
G 26 87 43 22 27 28 42
C 100 61 85 50 54
U 79 67 20
Y 71 96 33 58 15 43
K 66 84 44 62 59 82
N 5 2 11 14 22 27 67 80 63
F 36 65 80 87 90 96 55 56
C 55 78 3 58 80 10 97
N 41 64 25 86 62
G 41 22 56 55 86 1 90
K 61 99 9 63 64 41 90 31 42
M 31 23 9 30 74 53 50
N 55 37 56 39 19 16 13 59
T 27 89 29 5 9 52
P 45 38 4 71 45 39 18 84 73
D 3 0 19 32 45
X 95 29 89
R 14 95 4 49 39 13 86
R 41 46 22 84 91 3 2
S 43 59 63 83 60 34 93 62
J 9 1 86 13 77 100 35 52 38
E 62 52 77 69 59 27 0
K 1 35 93 5
Q 70 82 72 63 79 12 27
X 53 91 16 83
W 68 37 40
H 42 30 2 48 37 60 72
C 85 56 19 27 66 48 45 57
B 37 84 92 99 91 19 59 71 70
U 53 100 13 53
J 54 69 25 76 95 2 12
L 85 56 39 93 59 27 72
Z 52 96 32 11 35 78 42
T 89 63 43 7 57 29 41 72 38
D 67 58 21 93 49 89 31 34 68
T 94 77 36 48 46 30 55
H 83 80 51 36 74 83 40
X 29 1 61
M 81 62 9 42 80 7 81 34
V 9 12 42 93 68
B 69 79 44 21 97 84 90 28 39
Q 70 14 44
J 13 7 45 74 91 45 21
K 59 15 72
A 70 88 55 77 58 53 41 32
R 81 32 23 32
D 53 25 15 69
A 96 91 62 85 6 40 49 95
G 14 73 62 87
M 20 7 24 49 42 96 6 60
J 55 41 58 14 79
A 34 16 38
Y 3 45 30 6 30
H 0 5 71 77 86 38
J 90 95 24 63 32 35 45 35
O 71 50 46 93 97 38 6 55
Y 98 62 96
F 41 24 4 39 33 26 15 90 19
R 41 26 42 91 71
W 26 50 88 72
G 57 3 64 28 68 47 70
J 30 28 93 94 2 97 6 92 6
C 40 100 24 8 81 55 49
S 67 52 85 89 70 100 86
H 13 90 69
C 42 95 3 61 41 21 62 25
J 92 32 14 6 60 100 82 95
E 35 44 44 66 96 47 25 53
P 50 7 74 12 83 3 67 70 68
M 63 70 98 43 44 91
B 64 9 53 49
K 40 76 86 13 30
V 4 95 16 26
G 82 42 95 31
G 1 96 42 55 24 90
Z 36 58 4
E 15 90 36 47 88
T 37 18 23 85 84
R 25 31 71 70 29 86 49 57 76
G 51 55 48 91
I 4 75 17 69 47 36
X 39 29 27 13 71 17 76
I 49 9 19 47 100 18
L 16 42 62 93 50 70 85
E 90 47 57 94 68 10 42
A 85 95 28 91 62 92 91 41
X 94 87 3 10 10 57 64 87 62
M 64 88 45 73 64 28 75 90 99
J 22 16 47 81 1 81
L 18 96 54 87 32
I 95 56 45 78 17
A 63 16 54 53
R 80 34 57 16 85
E 38 96 23
Y 55 86 90 76 70 9 27 44
V 40 48 70 67
I 85 78 98 66 36 78 15 10
R 92 13 34 88 78 40 61 50
O 15 77 32 31 88 22 23 34 86
B 14 91 89
O 97 30 93 82 3 63
D 29 5 21 14
C 98 88 54
A 82 99 13 75 34 26 47 24
B 97 83 100 29 56 82
P 5 85 56 90 97 35 5 30 5
J 71 84 77 41 39 72 9 78
K 86 48 7
D 19 4 35 15 31 81
P 93 59 27 23 56
O 32 59 51 69
D 53 3 50 8 17 71 88 75
K 47 6 16
E 6 86 27 1 72 26 21
W 83 100 80
H 4 70 83 29 31 61 45 94
K 44 56 67 83 99 97
T 32 9 58 76 66 95 1
R 90 95 37 85 71 14
W 0 99 42 87 84
F 77 72 24 67 68
S 70 39 54 20 65 27
Z 5 18 25 6 56
R 90 71 8 69 87 2 34 84 83
N 93 51 87 79 54 33
S 72 100 62 97 92
Q 43 98 22 41 33 82
V 88 91 7 88
G 96 55 45 20
W 12 88 52 0
F 30 51 34 77 3
Z 97 27 48 4 26 100 23 52
B 78 100 10 19 96 14 81 37
Q 11 19 13 83 56
K 20 90 38
D 34 82 18 11 41 62 43
D 44 6 18 36
E 37 42 71 22 91 54 95 17
F 56 50 13 100 55 2 33 99
B 83 72 70 28 42 82
D 24 46 58 39 69
C 85 11 31 3
Y 32 91 8 72
U 96 97 14 8 13
P 49 96 25 8 24 1 44
E 97 60 36 28
H 20 93 34 34 18 50 53
U 86 36 0 60 88 27
Q 45 5 54
U 77 60 2 19 21 80 99 30
V 4 4 67 62 77 74 52 15 60
K 79 46 72 81 65 51 99 90
I 28 28 17
P 69 98 86 53 62 59
M 43 22 78
R 61 52 23 24 68 7
Q 42 86 38 61
M 26 43 77 93 87 87 61 95 22
S 67 86 9 92 33 68 57
D 65 83 26 33 1 6 55 75
X 96 1 32
Y 63 41 2
C 70 90 0 81 26 75 69 20 68
N 39 45 93 12 14 89 77 25
F 78 1 17 92 33 45
X 9 47 68 79 73 8
W 17 19 34 100 6 7
P 53 100 85 51 48 0 46 76
D 52 29 97 40 5 13
W 70 12 84 100 39 61 75 94
I 73 56 42 32 86
L 91 1 93 64
C 59 84 78 42 55 15 56
S 20 85 74 72 83 41
N 100 60 33 4 41 48 35 85
K 21 65 61 33 46
W 2 11 68 90 74 17
I 6 90 19 88
W 92 87 56 12
F 81 97 53 17
O 19 5 57 76 20 39 38 19
C 82 49 66 6 91
T 23 41 23 90 35 57
I 34 85 2 31
A 79 70 23
A 40 27 92 3 98 50 41 92
D 89 31 82
F 24 95 93 33 87 52
V 83 57 75 30 12
S 66 61 88
X 3 94 49 24
U 20 69 25 54 35
E 100 21 34 94 24 5 60
Z 68 75 35 57 33 81
P 95 36 98 28 24
U 73 96 84 75 43 58 27
A 36 18 78 12
K 23 72 62 90 62 64
Y 13 18 67 98 100 11 15 94 70
G 9 12 2 97 81 23 59 28 97
X 87 95 98 38 100 43 11
B 71 36 44 44 42 62 56
M 98 50 87 18
J 97 38 96 48 90
V 29 66 100
H 9 64 45
R 84 77 85 58 5 63 20 74
D 78 17 34
Y 83 22 8 20 81 49
Q 49 65 80 25 27
H 86 54 62 15 34 86 38 61 45
W 42 9 1 14 63 39 92 57
N 13 46 92 19 88 84 6 35 24
K 88 12 16 59 96 30 36 12
Q 21 81 45 86 96 80
X 94 19 98 88 98 30
Q 23 97 93 2 2 79 62 10 12
J 79 79 87 89 25 90 45 93
Z 81 7 86
M 91 87 67 59
U 74 82 66 57
G 28 61 88 27 54 43 5 66 69
J 8 80 17 72 0 45 24
A 76 62 92 99 40 86
G 2 10 48 32 9
O 52 40 15 28 3 46
W 23 4 81 76 75 82 97
G 19 0 42 76 84
T 70 8 42 6
H 2 90 65 86 99 46 9 39 39
S 48 6 25 41 48 69 12 11 26
D 35 20 72 44 28 16 80
O 41 21 53 37 44 31 30 69 64
U 14 63 54 25 66 15
Y 35 19 74
W 44 93 15 64
E 52 33 96 98 40 24
T 69 4 60 93 1 54 53
I 69 6 76 56 86 80 9 92
J 71 21 13
E 57 53 3 2 21 76 65 10
O 16 66 45 89 52 41 11 16
S 50 83 95 30 24 58 14 39
F 15 95 89 18 5 83
R 25 18 66
A 21 3 44 50
F 39 45 6
O 26 32 37
X 62 52 4 68 4 97
Y 95 62 55 11 47 65 90 97 94
U 12 53 67 78 78 11 89 88 98
V 3 55 3 45 80 1 76 72 12
T 77 25 85 94 10 26 78
F 58 85 24 96 12
H 57 35 10 48 7 83 40 4 82
G 89 68 68 77 12 74 3 40 74
J 69 8 98 46 80 64
C 91 85 26 62 64 77
J 66 89 97
L 25 29 28 58
K 63 74 78 10 61 45
E 27 3 23 82 19
B 82 47 77 5 36 7 42 34
K 1 94 82 27 86 32 56
X 99 39 97 72 55 12 0
Y 73 8 88 89 86 68 1 30
Y 35 0 59
C 65 79 55 21 52 66 0 80 0
G 65 33 59 39 58
K 53 59 94 48
A 91 12 57 98 31 39 72 66
K 59 49 49 23 72 79
G 0 57 94 2 16 52 62
J 40 84 16 1 81 24 24 78 93
A 2 30 68
Q 33 50 81 90 48 9
A 7 76 65 12 28 7 62 52
B 99 74 63
B 50 12 38 66
O 10 62 24 2 48 74
D 74 48 65 45 14
I 98 66 91 67 48 76 57
D 43 51 52 3 44
W 82 44 14 14 75 85 39 96 12
P 98 28 58 14 87 19 83 18
B 52 64 34 63 68 17 96
J 90 23 76 18 69 77
N 57 51 50 93 43 29 73 13 53
V 46 76 40 92
R 81 26 29 11 10 93 46 94 56
N 40 49 79 5 72 80
X 15 94 53 51 45
F 94 98 97 65 26
M 35 13 78
Z 92 52 63 37 11 80 4 40 53
D 71 11 63 12 10
Y 3 78 57 100 61 68
N 46 86 38 36 23 12
V 59 38 63 85 29 27
J 99 3 44 62
K 20 16 19 12 78
E 61 73 82 82 55 77 89
K 98 60 76 98 80 15
D 82 19 94 48 52 74 97 92
T 80 25 7
O 16 89 0 35 12
I 20 86 29 27 54 65 94 39 97
Z 24 33 78 26
W 97 95 17 41 43 58 24
I 43 38 91 10 18
U 36 92 14 57 72 40 37 85
J 91 0 28 76 99
M 54 7 39 23 20 6 76 42
S 43 51 47 26
P 54 0 22 13 72 68 10 18
D 82 93 79 90 8 90 19 52
M 40 29 6 43 38
O 21 6 51 79 13 32 6 8
J 31 67 13 77
J 28 84 43 17 27 80 44 22 16
M 26 90 29 22 13 2
A 83 32 94 6 26 12 55 6 64
Y 48 75 51 37
W 74 94 50 97 77 35
W 45 70 50
D 46 18 61 76 43 85 28 44
A 73 62 87 34 35 92 74 80 26
R 84 24 4 84 21 59
V 48 17 92 39 100 99 5
E 54 92 62 54 92 61 84 37 92
J 97 11 28 100 80 34 61
X 50 16 94 11 17 40 73
C 97 15 38 57 75 16 33
R 88 30 52 49 63
B 67 51 99 20 0 71
C 51 47 38 42
E 11 34 7 3 43
M 20 16 16 52 73 73 13 26 0
Q 92 79 72 2 83 78 86 60
T 98 38 30
M 39 68 30 23
F 92 3 78 80 78 94 61 15
V 42 24 15 56 99
S 60 68 56 62
V 53 51 48 54 86 35 79
T 75 39 79 49 92 66 21 12 28
V 90 38 63
L 58 8 1 74 98 44 30 48
R 99 63 63 78
T 45 44 2 98 31
S 9 85 100 76 84 59
K 51 8 10 39 43 1 81
I 37 49 75
L 11 87 88 8
Q 38 100 64 64 41 9 6
B 84 41 98
W 55 28 76 2 66 96 68 23
Z 37 91 15
H 15 39 63 34 73 86
Q 0 92 98 38 58
T 70 35 90 93 33 66 77 62 75
C 75 70 42 14 26 62 22 16
P 16 38 53 66 58 9 25 96
F 80 72 60
J 71 2 88 29 53 51 52 79
A 44 96 100 10 32 36
H 64 79 47 96 23 90 8 37 71
F 48 6 2 37
L 78 98 25 64 85 16
L 98 39 14 19 71
C 53 77 19 51
S 35 27 79 24
Y 0 12 85
N 35 18 53 12 23
Q 43 41 45 38 50 64
S 82 58 34 14 6 3
G 65 55 72 76 47 2 10
M 80 85 62 59 23
V 67 54 53 63 25 69 29 67
R 7 12 82 100 55 17 9
F 76 75 38 89 91 21 93 6
D 50 66 55 47 100 47 44 62
W 83 2 34 92 21
J 87 26 9
Q 99 100 30 22 57 61 94
C 58 44 53 85 79 45 75 27
Q 94 33 89 26
U 43 54 27 43 33 43 9
S 74 31 30 32 47
F 30 11 17 60
G 59 71 34 90 59 32
X 75 93 15 19 47 14
H 30 12 30
W 59 78 3 52 33 20
Z 62 67 26 45 5
N 99 74 67 16 44
D 26 94 50 93
S 68 8 60
R 71 68 87 43 12
V 57 5 69 26 8 13
V 23 20 16
G 27 12 51 56 97 37 58
K 82 75 92 92 48 22
I 97 15 23 30 3 79 51
Y 70 77 13 30 83 96 24
G 35 20 64
C 67 71 5 18 41
Z 93 41 55 9 86 11 63
N 76 33 20
G 52 18 91
S 63 25 62 42 7 68 56
T 93 80 30 93
Y 94 68 63 47
A 20 58 8 65 34 9 93 90 94
Z 44 15 37 62
Q 3 86 22 2
D 72 59 19 82 30 98 51
J 36 33 65 12 94
Z 12 90 92 55 17 70 12 4
A 36 63 91 52 14 15 51 12 95
I 37 11 86 66 57 0 68
X 29 95 47
N 91 96 33 66 46
S 16 19 40 72 100 31
L 79 23 49
P 15 5 61 11 9 14 25
U 83 47 38 62 25 77 92 96 82
M 49 10 75
V 25 19 53 17 28 43 79 18 52
U 40 81 63 33 8 26
Z 29 33 71 15 7 95 75 82 8
Q 68 49 11 1 23 87 87 61
E 82 91 50 26 3
C 87 98 64 98 77 70 4 56 22
T 85 72 24 28 47 5 57 38
X 90 95 35 19 17 69 15 58 48
E 50 22 3 39 55 81 94 20 2
K 6 68 12 74 79
G 37 74 84 96
P 53 13 16 75 65 30 39 37 70
M 5 91 50 61 67 13
G 63 35 49 58 35 89 3 19
O 54 79 95 52 93 71 82 64 72
F 18 86 84 36 56 25 76 84
Z 67 93 17 66 90
Y 68 41 22 38 11
R 22 95 63 15
E 38 50 10 47 30 97 34 3 34
O 73 62 8 76 16 30 13 53
K 43 84 84 82
I 57 56 31 79 44 68
Z 33 26 15 33 62 23 73 15 53
S 14 23 82 87 77
B 9 3 40 26 75 80
K 93 27 3
R 18 37 65 76 13 98 70 100 7
T 76 45 52 21 72 23 91 31
I 87 97 37